Bemoth
6 
40 
20 
44 
15 
11 
20 
4 
256 
95894 
6 
43 
206 
43 
220 
0 
221 
0 
210 
0 
0 
0 
0 
0 
0 
0 
0 
14 
64 
0 
0 
0 
0 
0 
11 
0 
0 
0 
1 
1 
1 
0 
0 
2 
0 
1 
0 
0 
0 
7 
0 
0 
54 
13 
1126 
0 
1 
0 
0 
1 
1 
1 
1 
1 
1 
2 
0 
0 
0 
1 
0 
0 
3 
1 
4 
0 
-1 
0 
0 
1 
0 
0 
0 
0 
0 
1 
1 
1 
12 
16 
0 
2 
26 
-1 
0 
1 
0 
1 
0 
4 
0 
0 
0 
0 
24 
0 
24 
0 
0 
0 
0 
1 
1 
0 
0 
1 
0 
4 
2 
2 
1 
0 
3 
0 
0 
0 
0 
1 
4 
0 
0 
0 
2 
0 
1 
0 
1 
0 
0 
0 
0 
1 
0 
0 
0 
0 
0 
0 
0 
0 
0 
0 
0 
0 
0 
0 
0 
0 
0 
1 
1 
1 
0 
0 
1 
1 
0 
0 
1 
1 
0 
1 
1 
0 
1 
1 
1 
1 
1 
0 
1 
1 
1 
1 
1 
0 
0 
0 
0 
0 
0 
0 
0 
0 
0 
0 
0 
0 
0 
0 
0 
0 
0 
0 
0 
0 
0 
0 
0 
0 
0 
0 
0 
0 
0 
0 
0 
0 
0 
0 
0 
0 
0 
0 
0 
0 
0 
0 
0 
205 
6 
4 
0 
2 
0 
0 
0 
0 
0 
0 
0 
0 
0 
0 
0 
0 
0 
0 
0 
0 
0 
0 
0 
0 
0 
0 
0 
0 
0 
0 
0 
0 
0 
0 
0 
0 
0 
0 
0 
0 
0 
0 
0 
0 
0 
0 
0 
0 
0 
1 
0 
0 
0 
1 
0 
0 
0 
0 
0 
1 
0 
0 
0 
0 
1 
0 
0 
0 
0 
1 
0 
0 
0 
0 
2 
1 
0 
0 
0 
2 
0 
0 
1 
0 
0 
0 
0 
0 
1 
0 
0 
0 
0 
0 
0 
0 
0 
0 
0 
22 
22 
22 
22 
22 
22 
22 
22 
22 
22 
999 
0 
0 
0 
0 
0 
0 
0 
0 
0 
0 
0 
0 
0 
0 
0 
0 
0 
0 
0 
0 
0 
0 
0 
0 
0 
0 
0 
0 
0 
0 
0 
0 
0 
0 
0 
0 
0 
0 
0 
0 
1500 
1 
0 
2 
2 
1 
3 
12 
0 
0 
0 
0 
0 
0 
0 
0 
0 
0 
26 
3 
1 
0 
1 
1 
1 
0 
0 
30 
1 
0 
0 
10 
0 
0 
2 
1 
0 
0 
0 
0 
2 
0 
0 
0 
6 
6 
0 
5 
1 
1 
0 
0 
0 
0 
0 
0 
0 
4 
1 
0 
0 
0 
2 
1 
1 
1 
1 
1 
1 
0 
3 
0 
0 
0 
0 
2 
0 
0 
0 
0 
1 
1 
0 
0 
2 
0 
0 
0 
0 
1 
0 
0 
0 
0 
0 
0 
0 
0 
0 
17 
0 
1 
1 
1 
1 
2 
0 
1 
3 
6 
1 
0 
0 
0 
0 
0 
0 
0 
0 
0 
0 
0 
0 
0 
0 
0 
0 
0 
0 
0 
0 
0 
0 
0 
0 
0 
0 
0 
0 
0 
0 
1 
0 
0 
0 
5 
0 
0 
0 
0 
0 
0 
0 
0 
0 
0 
0 
0 
0 
0 
0 
208 
1 
1 
1 
337 
319 
526224 