Bemoth
1 
20 
20 
10 
22 
10 
20 
4 
0 
996039 
0 
43 
220 
43 
206 
46 
221 
40 
0 
42 
0 
42 
0 
11 
0 
0 
0 
49 
64 
0 
0 
0 
0 
0 
34 
0 
0 
0 
0 
0 
0 
0 
0 
2 
1 
1 
0 
0 
0 
7 
0 
0 
47 
13 
1641 
0 
1 
0 
0 
1 
1 
1 
1 
0 
1 
2 
0 
0 
0 
0 
0 
0 
6 
4 
5 
0 
-1 
0 
0 
0 
0 
0 
0 
0 
0 
0 
1 
1 
12 
26 
0 
2 
1 
1 
0 
0 
0 
1 
0 
4 
0 
0 
0 
0 
4 
0 
4 
0 
8 
0 
0 
0 
0 
0 
0 
1 
0 
1 
2 
2 
1 
0 
3 
0 
0 
0 
0 
1 
4 
0 
0 
0 
2 
0 
0 
0 
0 
0 
0 
0 
1 
1 
0 
0 
1 
0 
0 
0 
0 
0 
0 
0 
0 
0 
0 
0 
0 
0 
0 
1 
0 
1 
1 
0 
1 
1 
0 
0 
1 
1 
0 
1 
0 
0 
1 
0 
0 
1 
1 
0 
1 
1 
1 
1 
1 
0 
0 
0 
0 
0 
0 
0 
0 
0 
0 
0 
0 
0 
0 
0 
0 
0 
0 
0 
0 
0 
0 
0 
0 
0 
0 
0 
0 
0 
0 
0 
0 
0 
0 
0 
0 
0 
0 
0 
0 
0 
0 
0 
0 
205 
0 
0 
0 
0 
0 
0 
0 
0 
0 
0 
0 
0 
0 
0 
0 
0 
0 
0 
0 
0 
0 
0 
0 
0 
0 
0 
0 
0 
0 
0 
0 
0 
0 
0 
0 
0 
0 
0 
0 
0 
0 
0 
0 
0 
0 
0 
0 
0 
0 
1 
0 
0 
0 
1 
0 
0 
0 
0 
0 
1 
0 
0 
0 
0 
0 
0 
0 
0 
0 
1 
0 
0 
0 
0 
2 
1 
0 
0 
0 
0 
0 
0 
0 
0 
0 
0 
0 
0 
1 
0 
0 
0 
0 
0 
0 
0 
0 
0 
0 
3 
26 
50 
0 
0 
0 
0 
0 
0 
0 
0 
0 
0 
0 
0 
0 
0 
0 
0 
0 
0 
0 
0 
0 
0 
0 
0 
0 
0 
0 
0 
0 
0 
0 
0 
0 
0 
0 
0 
0 
0 
0 
0 
0 
0 
0 
0 
0 
0 
0 
0 
1500 
1 
0 
2 
0 
0 
4 
4 
0 
0 
0 
0 
0 
0 
0 
0 
0 
0 
26 
2 
1 
1 
1 
1 
1 
0 
0 
0 
0 
0 
0 
10 
0 
0 
2 
1 
0 
0 
0 
0 
1 
0 
0 
0 
6 
6 
0 
4 
1 
1 
0 
0 
0 
0 
0 
0 
0 
4 
1 
0 
0 
0 
2 
1 
1 
1 
1 
1 
1 
0 
3 
0 
0 
0 
0 
1 
0 
0 
0 
0 
1 
1 
0 
0 
1 
0 
0 
0 
0 
1 
0 
1 
0 
0 
1 
0 
0 
0 
0 
17 
0 
1 
1 
1 
1 
2 
0 
1 
3 
2 
1 
0 
0 
0 
0 
0 
0 
0 
0 
0 
0 
0 
0 
0 
0 
0 
0 
0 
0 
0 
0 
0 
0 
0 
0 
0 
0 
0 
0 
0 
0 
1 
0 
0 
0 
6 
0 
0 
0 
0 
0 
0 
0 
0 
0 
0 
0 
0 
0 
0 
0 
208 
1 
1 
1 
335 
236 
331877 